StartTime: 2020-10-22 19:02:08.687
address	Time(s)	ax(g)	ay(g)	az(g)	wx(deg/s)	wy(deg/s)	wz(deg/s)	AngleX(deg)	AngleY(deg)	AngleZ(deg)	T(°)	hx	hy	hz
0x50	 19:05:01.432	-0.0142	-0.0024	1.0000	0.0000	0.0000	0.0000	-0.1428	0.7965	97.3444	30.63	87	-10	-228
0x50	 19:05:01.482	-0.0137	-0.0020	0.9995	0.0000	0.0000	0.0000	-0.1428	0.7965	97.3279	30.65	88	-9	-227
0x50	 19:05:01.532	-0.0142	-0.0024	1.0000	0.0000	0.0000	0.0000	-0.1428	0.7965	97.3169	30.68	88	-10	-227
0x50	 19:05:01.581	-0.0142	-0.0024	1.0000	0.0000	0.0000	0.0000	-0.1428	0.7965	97.3169	30.67	86	-9	-226
0x50	 19:05:01.631	-0.0142	-0.0029	1.0000	0.0000	0.0000	0.0000	-0.1428	0.7965	97.3224	30.67	87	-10	-224
0x50	 19:05:01.681	-0.0142	-0.0024	1.0000	0.0000	0.0000	0.0000	-0.1428	0.7965	97.3389	30.67	85	-10	-224
0x50	 19:05:01.731	-0.0137	-0.0024	1.0000	0.0000	0.0000	0.0000	-0.1428	0.7965	97.3279	30.67	84	-10	-223
0x50	 19:05:01.795	-0.0142	-0.0029	1.0000	0.0000	0.0000	0.0000	-0.1428	0.7965	97.3004	30.66	85	-9	-226
0x50	 19:05:01.831	-0.0142	-0.0029	0.9995	0.0000	0.0000	0.0000	-0.1428	0.7965	97.2620	30.65	85	-10	-226
0x50	 19:05:01.881	-0.0137	-0.0024	1.0000	0.0000	0.0000	0.0000	-0.1428	0.7965	97.2620	30.67	88	-11	-228
0x50	 19:05:01.931	-0.0137	-0.0034	1.0000	0.0000	0.0000	0.0000	-0.1428	0.7965	97.2455	30.68	87	-10	-227
0x50	 19:05:01.980	-0.0142	-0.0024	1.0000	0.0000	0.0000	0.0000	-0.1428	0.7965	97.2400	30.64	86	-8	-227
0x50	 19:05:02.030	-0.0137	-0.0024	1.0000	0.0000	0.0000	0.0000	-0.1428	0.7965	97.2235	30.68	88	-10	-225
0x50	 19:05:02.080	-0.0142	-0.0024	1.0000	0.0000	0.0000	0.0000	-0.1428	0.7965	97.2180	30.65	85	-10	-226
0x50	 19:05:02.130	-0.0137	-0.0024	0.9995	0.0000	0.0000	0.0000	-0.1428	0.7965	97.1960	30.65	85	-9	-227
0x50	 19:05:02.197	-0.0142	-0.0024	1.0000	0.0000	0.0000	0.0000	-0.1428	0.7965	97.1906	30.67	86	-11	-225
0x50	 19:05:02.229	-0.0137	-0.0024	0.9995	0.0000	0.0000	0.0000	-0.1428	0.7965	97.2235	30.67	85	-11	-226
0x50	 19:05:02.280	-0.0146	-0.0024	1.0000	0.0000	0.0000	0.0000	-0.1428	0.7965	97.2455	30.67	85	-12	-224
0x50	 19:05:02.329	-0.0142	-0.0024	0.9995	0.0000	0.0000	0.0000	-0.1428	0.7965	97.2620	30.68	85	-9	-224
0x50	 19:05:02.379	-0.0142	-0.0020	0.9995	0.0000	0.0000	0.0000	-0.1428	0.7965	97.2510	30.65	84	-9	-225
0x50	 19:05:02.429	-0.0137	-0.0029	0.9995	0.0000	0.0000	0.0000	-0.1428	0.7965	97.2180	30.67	84	-8	-226
0x50	 19:05:02.479	-0.0146	-0.0024	1.0000	0.0000	0.0000	0.0000	-0.1428	0.7965	97.1631	30.67	83	-9	-224
0x50	 19:05:02.528	-0.0142	-0.0020	1.0000	0.0000	0.0000	0.0000	-0.1428	0.7965	97.1796	30.65	86	-12	-223
0x50	 19:05:02.579	-0.0137	-0.0024	0.9995	0.0000	0.0000	0.0000	-0.1428	0.7965	97.2455	30.68	85	-14	-224
0x50	 19:05:02.628	-0.0137	-0.0024	1.0000	0.0000	0.0000	0.0000	-0.1373	0.7965	97.2784	30.67	87	-12	-224
0x50	 19:05:02.678	-0.0137	-0.0024	0.9995	0.0000	0.0000	0.0000	-0.1428	0.7965	97.3004	30.69	86	-11	-225
0x50	 19:05:02.728	-0.0137	-0.0029	0.9995	0.0000	0.0000	0.0000	-0.1428	0.7965	97.3279	30.69	85	-11	-224
0x50	 19:05:02.778	-0.0146	-0.0024	1.0000	0.0000	0.0000	0.0000	-0.1428	0.7965	97.3224	30.67	86	-9	-225
0x50	 19:05:02.831	-0.0142	-0.0029	0.9995	0.0000	0.0000	0.0000	-0.1428	0.7965	97.3389	30.66	84	-13	-224
0x50	 19:05:02.877	-0.0137	-0.0024	0.9995	0.0000	0.0000	0.0000	-0.1428	0.7965	97.3718	30.65	87	-12	-224
0x50	 19:05:02.927	-0.0137	-0.0029	0.9995	0.0000	0.0000	0.0000	-0.1428	0.7965	97.3608	30.63	88	-8	-225
0x50	 19:05:02.977	-0.0142	-0.0024	1.0000	0.0000	0.0000	0.0000	-0.1428	0.7965	97.3334	30.67	87	-10	-226
0x50	 19:05:03.027	-0.0142	-0.0024	0.9995	0.0000	0.0000	0.0000	-0.1428	0.7965	97.3334	30.65	83	-10	-222
0x50	 19:05:03.077	-0.0142	-0.0024	0.9995	0.0000	0.0000	0.0000	-0.1428	0.7965	97.3553	30.68	88	-10	-226
0x50	 19:05:03.127	-0.0142	-0.0024	1.0005	0.0000	0.0000	0.0000	-0.1428	0.7965	97.3553	30.66	87	-12	-223
0x50	 19:05:03.177	-0.0142	-0.0029	1.0000	0.0000	0.0000	0.0000	-0.1428	0.7965	97.3938	30.67	85	-12	-223
0x50	 19:05:03.230	-0.0146	-0.0029	0.9995	0.0000	0.0000	0.0000	-0.1428	0.7965	97.3938	30.67	85	-9	-224
0x50	 19:05:03.277	-0.0142	-0.0024	0.9995	0.0000	0.0000	0.0000	-0.1428	0.7965	97.3883	30.69	87	-11	-222
0x50	 19:05:03.326	-0.0137	-0.0020	1.0000	0.0000	0.0000	0.0000	-0.1428	0.7965	97.4268	30.65	87	-14	-225
0x50	 19:05:03.376	-0.0132	-0.0024	0.9995	0.0000	0.0000	0.0000	-0.1428	0.7965	97.4982	30.63	87	-12	-223
0x50	 19:05:03.426	-0.0142	-0.0029	0.9995	0.0000	0.0000	0.0000	-0.1428	0.7965	97.5092	30.66	87	-12	-224
0x50	 19:05:03.476	-0.0137	-0.0024	1.0000	0.0000	0.0000	0.0000	-0.1428	0.7965	97.5146	30.67	88	-11	-225
0x50	 19:05:03.525	-0.0137	-0.0029	0.9995	0.0000	0.0000	0.0000	-0.1428	0.7965	97.5201	30.70	88	-10	-222
0x50	 19:05:03.577	-0.0142	-0.0029	0.9995	0.0000	0.0000	0.0000	-0.1428	0.7965	97.5037	30.66	89	-10	-224
0x50	 19:05:03.629	-0.0137	-0.0024	0.9995	0.0000	0.0000	0.0000	-0.1428	0.7965	97.4707	30.63	89	-9	-225
0x50	 19:05:03.675	-0.0142	-0.0024	0.9995	0.0000	0.0000	0.0000	-0.1428	0.7965	97.4652	30.65	86	-12	-226
0x50	 19:05:03.725	-0.0142	-0.0024	1.0000	0.0000	0.0000	0.0000	-0.1428	0.7965	97.4817	30.66	86	-11	-226
0x50	 19:05:03.775	-0.0137	-0.0029	0.9995	0.0000	0.0000	0.0000	-0.1428	0.7965	97.4817	30.66	86	-11	-227
0x50	 19:05:03.825	-0.0142	-0.0020	0.9995	0.0000	0.0000	0.0000	-0.1428	0.7965	97.5201	30.67	88	-12	-225
0x50	 19:05:03.874	-0.0142	-0.0024	0.9995	0.0000	0.0000	0.0000	-0.1428	0.7965	97.5586	30.65	85	-11	-225
0x50	 19:05:03.925	-0.0137	-0.0024	1.0000	0.0000	0.0000	0.0000	-0.1428	0.7965	97.5586	30.66	86	-10	-224
0x50	 19:05:03.974	-0.0132	-0.0020	0.9995	0.0000	0.0000	0.0000	-0.1428	0.7965	97.5311	30.67	86	-9	-222
0x50	 19:05:04.034	-0.0142	-0.0024	0.9995	0.0000	0.0000	0.0000	-0.1428	0.7965	97.4982	30.65	88	-9	-222
0x50	 19:05:04.074	-0.0137	-0.0024	1.0000	0.0000	0.0000	0.0000	-0.1428	0.7965	97.4817	30.69	87	-11	-224
0x50	 19:05:04.124	-0.0142	-0.0020	0.9995	0.0000	0.0000	0.0000	-0.1428	0.7965	97.4817	30.67	86	-11	-223
0x50	 19:05:04.174	-0.0137	-0.0029	0.9995	0.0000	0.0000	0.0000	-0.1428	0.7965	97.5092	30.64	87	-12	-225
0x50	 19:05:04.224	-0.0137	-0.0024	1.0000	0.0000	0.0000	0.0000	-0.1428	0.7965	97.5476	30.63	88	-12	-226
0x50	 19:05:04.273	-0.0142	-0.0029	0.9995	0.0000	0.0000	0.0000	-0.1428	0.7965	97.5806	30.67	88	-10	-224
0x50	 19:05:04.323	-0.0142	-0.0029	0.9995	0.0000	0.0000	0.0000	-0.1428	0.7965	97.6190	30.68	85	-13	-225
0x50	 19:05:04.373	-0.0137	-0.0029	0.9995	0.0000	0.0000	0.0000	-0.1428	0.7965	97.6410	30.64	85	-12	-227
0x50	 19:05:04.434	-0.0142	-0.0020	0.9995	0.0000	0.0000	0.0000	-0.1428	0.7965	97.6575	30.63	84	-11	-224
0x50	 19:05:04.472	-0.0137	-0.0024	1.0000	0.0000	0.0000	0.0000	-0.1428	0.7965	97.7014	30.70	87	-12	-225
0x50	 19:05:04.523	-0.0142	-0.0024	0.9995	0.0000	0.0000	0.0000	-0.1428	0.7965	97.7289	30.64	87	-12	-226
0x50	 19:05:04.572	-0.0142	-0.0024	0.9995	0.0000	0.0000	0.0000	-0.1428	0.7965	97.7563	30.67	88	-11	-226
0x50	 19:05:04.622	-0.0137	-0.0029	0.9995	0.0000	0.0000	0.0000	-0.1428	0.7965	97.7673	30.66	88	-12	-224
0x50	 19:05:04.673	-0.0142	-0.0020	0.9995	0.0000	0.0000	0.0000	-0.1428	0.7965	97.7673	30.69	87	-12	-226
0x50	 19:05:04.722	-0.0137	-0.0029	1.0000	0.0000	0.0000	0.0000	-0.1428	0.7965	97.8058	30.65	87	-12	-226
0x50	 19:05:04.771	-0.0137	-0.0029	1.0000	0.0000	0.0000	0.0000	-0.1428	0.7965	97.7948	30.66	86	-10	-225
0x50	 19:05:04.835	-0.0137	-0.0029	0.9995	0.0000	0.0000	0.0000	-0.1428	0.7910	97.7948	30.67	87	-11	-225
0x50	 19:05:04.873	-0.0137	-0.0020	0.9995	0.0000	0.0000	0.0000	-0.1428	0.7910	97.8003	30.70	88	-11	-226
0x50	 19:05:04.922	-0.0132	-0.0024	0.9995	0.0000	0.0000	0.0000	-0.1428	0.7910	97.7838	30.65	87	-11	-225
0x50	 19:05:04.971	-0.0137	-0.0029	1.0000	0.0000	0.0000	0.0000	-0.1428	0.7910	97.7618	30.66	84	-8	-225
0x50	 19:05:05.021	-0.0137	-0.0029	0.9995	0.0000	0.0000	0.0000	-0.1428	0.7910	97.7344	30.65	87	-8	-222
0x50	 19:05:05.071	-0.0142	-0.0029	0.9990	0.0000	0.0000	0.0000	-0.1428	0.7910	97.6794	30.64	87	-10	-225
0x50	 19:05:05.121	-0.0132	-0.0020	0.9995	0.0000	0.0000	0.0000	-0.1428	0.7910	97.6685	30.63	86	-11	-224
0x50	 19:05:05.171	-0.0146	-0.0024	0.9995	0.0000	0.0000	0.0000	-0.1428	0.7910	97.6410	30.67	84	-7	-223
0x50	 19:05:05.236	-0.0142	-0.0029	1.0000	0.0000	0.0000	0.0000	-0.1428	0.7910	97.5916	30.65	85	-9	-225
0x50	 19:05:05.272	-0.0137	-0.0029	1.0000	0.0000	0.0000	0.0000	-0.1428	0.7910	97.5970	30.67	85	-13	-226
0x50	 19:05:05.320	-0.0146	-0.0024	0.9995	0.0000	0.0000	0.0000	-0.1428	0.7910	97.6355	30.64	86	-11	-226
0x50	 19:05:05.370	-0.0142	-0.0024	0.9995	0.0000	0.0000	0.0000	-0.1428	0.7965	97.6465	30.66	85	-11	-226
0x50	 19:05:05.421	-0.0146	-0.0024	0.9995	0.0000	0.0000	0.0000	-0.1428	0.7965	97.6355	30.63	87	-10	-226
0x50	 19:05:05.470	-0.0137	-0.0024	0.9995	0.0000	0.0000	0.0000	-0.1428	0.7965	97.6520	30.63	86	-13	-225
0x50	 19:05:05.520	-0.0146	-0.0029	1.0000	0.0000	0.0000	0.0000	-0.1428	0.7965	97.6794	30.64	85	-12	-227
0x50	 19:05:05.570	-0.0137	-0.0024	0.9995	0.0000	0.0000	0.0000	-0.1428	0.7965	97.6904	30.65	86	-10	-226
0x50	 19:05:05.637	-0.0142	-0.0024	0.9995	0.0000	0.0000	0.0000	-0.1428	0.7965	97.6959	30.67	87	-11	-224
0x50	 19:05:05.671	-0.0137	-0.0029	1.0000	0.0000	0.0000	0.0000	-0.1428	0.7965	97.6904	30.67	88	-10	-225
0x50	 19:05:05.719	-0.0142	-0.0020	0.9995	0.0000	0.0000	0.0000	-0.1428	0.7965	97.6959	30.63	87	-12	-224
0x50	 19:05:05.769	-0.0137	-0.0024	1.0000	0.0000	0.0000	0.0000	-0.1428	0.7965	97.7454	30.67	83	-13	-224
0x50	 19:05:05.819	-0.0142	-0.0020	1.0000	0.0000	0.0000	0.0000	-0.1428	0.7965	97.7728	30.67	85	-12	-224
0x50	 19:05:05.883	-0.0142	-0.0024	1.0000	0.0000	0.0000	0.0000	-0.1428	0.7965	97.8003	30.67	85	-12	-226
0x50	 19:05:05.930	-0.0146	-0.0024	0.9995	0.0000	0.0000	0.0000	-0.1428	0.7965	97.7893	30.66	86	-11	-226
